$ANSIBLE_VAULT;1.1;AES256
33653438623161373562656562396234303935373331363764303463353862646134373862616664
3835613164383037376364306532653265386463393362360a643731353862623630633738623030
35376363373562653563633637313333336331316137336663643133363062336264633866383231
6231366461613238320a303362646262383435616263613963376631663536356363333265623766
38653365623336636532666231366461336235643138383763613537616265343263326566653865
37373736646239633135626431303163326561353933346330326161623535316334303532353737
39626161376538656264383765303537306266333663376231316236373833633064656337633562
63316632363161303133663734653065616239656136343539393539376465383863656632646635
30386566376562663031343431653765663834363961376563623533326532613037333935663765
65353363316264663664323462633661333138663862393664383261316136333632613237633834
37666130393266613936303236313439323866666264336333626239386130303339343266306533
31323262326437316463373933616231366539356535663937313239663066383933326364636562
61383634333461626264326266323537633731336631363837646462616239383334356530343266
32366663316663363832343134343233333536303337396137613361343663633462343037313939
34303039363531353939613737386161336439633661323934386133363565653064336561373030
36303131363261313137343935363935666133333132326563633130323633383634643539656362
39616334393034363434326131623763363665303263613334613532626666626161
